Class 1
Class Info: 4.0, 3.0, 1.0
4.022294350203509, 2.032934702925935; 4.054698686768804, 3.6908545381995443; 3.4205623223987294, 3.5044822093471515; 4.194931991335563, 3.3466098845107934; 3.9815257174496628, 2.8313835976201402; 3.8893798521701446, 2.3473810891801503; 4.681001127824304, 2.28661072345239; 3.9778990810639927, 2.852445784598552; 3.8661975970051925, 2.0355903930550143; 4.012681213119381, 3.599029555488135; 
Class 2
Class Info: 1.0, 2.0, 1.0
0.5900706737034052, 1.214186412702058; 1.2871243231441747, 2.7701658476606985; 1.003612483720651, 2.122097712481453; 1.0840691172635093, 1.7400198088628207; 
Class 3
Class Info: 6.0, 8.0, 2.0
5.205347349232794, 9.674487588396213; 5.631922100961141, 9.76962690352699; 4.659396322806757, 6.7866762117146715; 4.576715664257475, 7.04433889019668; 7.938592767010855, 8.069209699746914; 5.545864754702373, 6.321062056414153; 7.522477824551883, 8.929653515570516; 
Class 4
Class Info: 8.0, 4.0, 2.0
9.720584079498382, 3.855277629882885; 9.754167557454942, 3.124743064799977; 
Class 5
Class Info: 6.0, 1.0, 1.0
5.090708928406752, 0.641176154961886; 5.76196486987783, 1.1993141442982427; 5.787797586727425, 1.905003353214471; 5.1895451500705025, 1.4754090637592405; 
Class 6
Class Info: 1.0, 8.0, 2.0
0.2598323403036146, 6.605034044907554;  
